0x26EB7E95711a6620A1c7bA13Fe729aE667051A87,552701000000000000000000,0,0,0,0,0
0x4C3cAca884dFdacC8d6fB9d36CBEa8C0E967cF47,9700000000000000000000,1,150000,72519,72519,0
0xd73d22D5f6e9281285180e9d3ab7697a38732AFE,0,0,0,0,0,0
0x7b0cDeEB8F5E30046d8dca260aa0392cC72255C6,76700000000000000000000,1,150000,72519,72519,0
0xD6d5D7B869815385849fA552F13D9a2B9997cc3E,41600000000000000000000,1,150000,72519,72519,0
0x8f5284ff7b15eDf8798dFee8440494ECABa9bd11,309800000000000000000000,100,15000000,7251900,7251900,0
0x879A6871563772D7140e5f876C6189Ea7565C3d1,73700000000000000000000,1,150000,72519,72519,0
0x6349938c577806a3b9A04dE073F89B59CC7666eb,64800000000000000000000,1,150000,72519,72519,0
0x8962AF5168901c04fC64458629727884dA6322e8,67200000000000000000000,1,150000,72519,72519,0
0x9c0d9293758d3D40F2b3B2198fE72146fdA1B58B,129200000000000000000000,100,15000000,7251900,7251900,0
0xDbE169b2ED203642fbE54051fe963a7C5e63d2B9,67200000000000000000000,1,150000,72519,72519,0
0xe40632677e497506aEF569575094127f6265A620,67200000000000000000000,1,150000,72519,72519,0
0xaB59DC38C3225255589B1ab94D8E2b67E3908365,23100000000000000000000,1,150000,72519,72519,0
0xcB24e3eB89358c3cCBA5c3dd3f3C60725920B9B7,1866801000000000000000000,0,0,0,0,0
0x982410b7e886af0F4EE2A231E810BB302Cb6AaAf,83100000000000000000000,1,150000,72519,72519,0
0xed27B31845f87053C16Dd2195588c8B643e2AC19,61200000000000000000000,1,150000,72519,72519,0
0xE6EC3Eebf41f2655617f711DfAc31F1bfE644c8a,8285000000000000000000,1,150000,72519,60569,11950
0x1dE9Cf1a65A11D4c96B3777b545ee73F3f410223,22750000000000000000000,1,150000,72519,72519,0
0x48f3a949873739297cc619A49c8BF827EBAa2d30,171300000000000000000000,1,150000,85104,60404,24700
0x916AE43bbE759D27887850e16daBF14482AA27bF,950000000000000000,0,0,0,0,0
0xb924ad2E0cC094874CED1082Abbb472F1AdB4BA8,385059921000000000000000,18,2700000,1211152,636282,574870
0x4EEb1fd6C38765EF67d1A1d82cE915D7D2d917a4,63300000000000000000000,1,150000,72519,72519,0
0xB4b950dE2E54624a24C212b589208989c6617b37,79300000000000000000000,2,300000,145038,145038,0
0xC43307bD12ba8b8531D096D9643c7c950e0b6A94,1395894999999990000000,13,1950000,874717,755142,119575
0xe0CB7544592953e1d2e7D99f2F0A64847D5eE962,830000000000000000000,2,300000,145038,126208,18830
0xf883E8929Af3b1FA5dC0258455e22EDA895F44f2,123900000000000000000000,4,600000,290076,290076,0
0x07c1dA91C1bb59B0Ab11f3A117F69A02108223b0,0,15,2250000,1115682,530235,585447
0xbB6e62C54f0690C09572D99B1c76F2356B5012a0,77300000000000000000000,1,150000,72519,72519,0
0x842F5010c0Ef852634c90C88b35f4cAd156F88E4,313800000000000000000000,3,450000,217557,217557,0
0xd904DceA157880Dc7DBa4Db2e4B71e1b181439be,0,6,900000,424429,41076,383353
0xFC59b2cf1a49438aAccaBd84A1d772646DB09bB5,100000000000000000000000,2,300000,145038,140138,4900
0x76615956034548419A1e3D6dDD93e24aaD270424,0,8,1200000,563342,210672,352670
0x0Be2c97eAd89602309093De2E160Ae53e04fcBd4,300000000000000000000000,7,1050000,531533,509438,22095
0x9A499D1Df5A79ED9f6C082Ff178fBE0eb7ce03b0,0,3,450000,217557,176922,40635
0x2E254C2e321aF90e104DAeFC179F049187000789,55500000000000000000000,1,150000,72519,72519,0
0xe06685c212e8F00CE1327549A111Cc8cdB8FCf93,82700000000000000000000,1,150000,72519,72519,0
0x18a073e5F8F039DdB5612470AB666Eb9EFfE0215,313750000000000000000000,3,450000,217557,217557,0
0xE639C841b77D4181289f5626a086Bd8d708F7034,82700000000000000000000,1,150000,72519,72519,0
0x02d42DDc385f42bB21E8ae834c99D45Ddf86B950,0,0,0,0,0,0
0xd74B62337aA143D382F36b7E1F25E6E6eB93FFca,103200000000000000000000,4,600000,290076,290076,0
0xFb91956C5d6E9D4d35bD43A81a9Bf75951674d8C,100700000000000000000000,2,300000,145038,145038,0
0xCedde76a428d85d00c4F8230e31f0bB7BeD8864F,82200000000000000000000,1,150000,72509,72509,0
0xB0bB8b37274d5c33902c2C98bf9DfA4AA8B57032,62700000000000000000000,1,150000,72509,72509,0
0x4Ef7E7616f126Bbc3b87cc8e898Cc996b85313D7,88400000000000000000000,3,450000,217527,217527,0
0x3115EAc671d367e54921b22adFaBa24a830cb51f,63300000000000000000000,1,150000,72509,72509,0
0x290d943938C46EFB133C716eB65D160aae3b8EBc,160975000000000000000000,7,1050000,491218,247443,243775
0xe2862689Ba424EacFeDF2244fCf6f480730D693E,132200000000000000000000,1,150000,72509,72509,0
0x601777Ec0FdcC54d4ccC87E835546D1b3224Be50,79700000000000000000000,1,150000,72509,72509,0
0xE946D7a8ed87002B49709b8dEBB389D68A1C92Bc,62100000000000000000000,1,150000,72509,72509,0
0xedd5965ABd709224099A631e2BD3dab18BAff9e2,201900000000000000000000,4,600000,290036,290036,0
0xf2F877A0319b57f176671cFc2dB7f41FCF1eE031,61800000000000000000000,1,150000,72509,72509,0
0x527b3C984004868D288c084DEFd4E63050E7cD95,0,0,0,0,0,0
0xC58Fff30409f10306e305D6eB20e6acd946541Ae,96000000000000000000000,2,300000,145018,145018,0
0x57Da8974b0CB1CD487132e306E49aA982eDF6848,0,0,0,0,0,0
0x66cebCF8C9009626cf477C423E00Ccb5509c4B8c,79700000000000000000000,1,150000,72509,72509,0
0xc535EDabcC00ca970bB44A0Df571671F066bef58,260400000000000000000000,3,450000,217527,217527,0
0x3872f4240140bd6D46C02Fc072A2B18a12a0a52d,61800000000000000000000,1,150000,72509,72509,0
0x68C198bC2e454F58d94a7Cf997c6681eFFe7873a,0,3,450000,217527,210162,7365
0xDeB9A3150A1045DEEBB9Df53129caA1c95581e5B,260450000000000000000000,3,450000,217527,217527,0
0x0e5ED71a11c195f9F089FdD913750EEcF208eFdD,49824000000000000000000,17,2550000,898411,0,898411
0x0A724D04083cF918009CcE6EF6EfD57C7D1D877a,26850000000000000000000,1,150000,72519,72519,0
0x993964f0F8C2B2F6A451B74766d84e471F9A01FC,61800000000000000000000,1,150000,72519,72519,0
0xDc68b8105b142F55e3D416C68e670f0a8ACd2dBF,29100000000000000000000,1,150000,72519,72519,0
0xABB51aBB00D19F42CdAfFDc51c07462FDd23516f,260400000000000000000000,3,450000,217557,217557,0
0x6Ff6A91828940430C420f2f800106f0f3E313BE5,61800000000000000000000,1,150000,72519,72519,0
0xba39f1B80967B6190fc3a8D5986bf63Fa3d41c1B,0,1,150000,72519,19,72500
0x655F06D1994aBe7eFa49b93e0b3a8B176eC256Fd,120600000000000000000000,4,600000,290076,290076,0
0xA86Af89A62dF28CB26c95D33695Cb6aF9C18CfAf,0,1,150000,72519,46464,26055
0x48c335159476bed37C31B0A0E273021ce62F2e88,26334000000000000000000,1,150000,72519,0,72519
0x12013d31f4Ae1B5f45f1c05653a984D986521761,61200000000000000000000,1,150000,72519,72519,0
0x130DF5D261D36aF30b86dc752D1E78957883f548,260400000000000000000000,3,450000,217557,217557,0
0x41C3dB9E55e74C7c3a4358873d6510c188e9049F,0,1,150000,72519,6846,65673
0xFF9934E4B695Bb8D8EB798798DF1f1Bb01f37200,124800000000000000000000,16,2400000,1154878,1154878,0
0x7e48a8D5F9154aA887F978Ed3e6e26920ecDa93c,79100000000000000000000,1,150000,72519,72519,0
0xf840E28B2cDC7143c7066909702DD1A7c0bC8181,61800000000000000000000,1,150000,72519,72519,0
0x802DC333A5FDC1093e7Cfb85d11410e825751011,61200000000000000000000,1,150000,72519,72519,0
0xA798929c92fF7d43B1943F33E93ECFE82188Ea50,61800000000000000000000,1,150000,72519,72519,0
0x44959462e420d836C14888AF9e07bCF574857271,61800000000000000000000,1,150000,72519,72519,0
0x8BBBfE9B1B04e9012bCBB73C91354Eb0ca1D7e78,19039000000000000000000,6,900000,432163,413124,19039
0x5E22e683c2f2794D664Ac5aEB223DD0A5982753c,260400000000000000000000,3,450000,217557,217557,0
0x7882681A97f82d54D4e91a70e7ab5B6E89dF4E38,632800000000000000000000,10,1500000,720140,720140,0
0x6781570bc2f18a4ceBE258CC8F3F97a7c9534C0D,120000000000000000000000,9,1350000,649987,649987,0
0x4fCdBa188a6fc369aDFf443C4Db8962a6Fd57bA0,59400000000000000000000,1,150000,72509,72509,0
0xE1436bebE17Da52d9894D2ff771537Dd2954DC73,61800000000000000000000,1,150000,72509,72509,0
0xAB8496A1c667dc8eA4BfefC4440773382A95BB71,61800000000000000000000,1,150000,72509,72509,0
0x5E7FFD316A9b43C2075977fae4086dF5A7F44775,4380000000000000000000,39,5850000,2775776,2262546,513230
0x70Cf0b08978Cb30CFFc45c77750d0CDA4f9ee9e4,61800000000000000000000,1,150000,72509,72509,0
0xFB67FB7E9966533ECa8c48D52316C9Cb3B4826F5,61800000000000000000000,1,150000,72509,72509,0
0x2F21BC62af2ADeF40E53dc632edf160AC71c258b,176900000000000000000000,4,600000,290036,290036,0
0x29046BC8D823Da0C653F9d588953D7a52bEafA94,61800000000000000000000,1,150000,72509,72509,0
0xC47990EE4bBc181cd8C3Fea1581A890590008db1,113600000000000000000000,17,2550000,1215917,1215917,0
0x9E5E55dbFbDDb2551d4cFdd872628922C3BA32cA,176300000000000000000000,4,600000,290036,290036,0
0xd1CA490af4e9eC2F3ffE08ACf2A8Adc2c440319e,79100000000000000000000,1,150000,72509,72509,0
0xB98bECaf991557329671220E19Ed3be303b15F79,96200000000000000000000,5,750000,362545,362545,0
0x502f230C39946854d23e9F4A318Ee5Fb7AB85B0C,309000000000000000000000,6,900000,432103,432103,0
0xb6b7E0456C8de382084bef0683F5D4A161E8733A,406100000000000000000000,19,2850000,1372602,1372602,0
0xeb4772211a36387E25FEb167FB857C4839e7d539,181800000000000000000000,3,450000,217527,217527,0
0xa4d672435a7A1d6622D0Ba156b3245CC2abeC7B4,61800000000000000000000,1,150000,72509,72509,0
0xedB7014B8Dfa2b41b2cf169AADC8323a0ec84124,73700000000000000000000,1,150000,72509,72509,0
0xd1D7E0Dc5EeC4ff01832569105cfD958c8c0962F,76100000000000000000000,1,150000,72514,72514,0
0x3c4a996BDb015A682B60f152F553765728Cad936,70100000000000000000000,1,150000,72514,72514,0
0x5D546Eae9ad3CdE53e58AEFBBF1804C7d6a03710,76100000000000000000000,1,150000,72514,72514,0
0x5aAd5b108Ae69b9F7F094ae9F8e19B3bf18f9A65,75500000000000000000000,1,150000,72509,72509,0
0xBb8acC0c9ec246E465E5997dC1c6A550A946E8e5,69500000000000000000000,1,150000,72514,72514,0
0xbB7FC9d51885CE20b7ddcB16b3a4ABFD589E58Ba,150000000000000000000000,4,600000,314806,255106,59700
0xf559F0E95E56AaBDAa73a199147471e9bA66e457,0,1,150000,72514,33859,38655
0x58E0D742AcB2D9F7F2bDD9efEb0e743FA668e677,2253265000000000000000000,0,0,0,0,0
0xd25e1506487a76E5599aDdF10651CfC4a0560E50,82800000000000000000000,2,300000,145028,145028,0
0x921643B177dA9247175538eE61Bc3DE0CEB6617a,127360000000000000000000,3,450000,217542,174082,43460
0x2087e9B8aaac9A8bB97498F20bD6a4b16040Da96,134750000000000000000000,50,7500000,3625700,3502950,122750
0x138A3fDd275dDAD5A5bBBce83d40B550F2d15F56,1099710000000000000000000,15,2250000,1087710,0,1087710
0x468dC283E834F0C87A88edec4F23Ea17C1C5272b,132729000000000000000000,22,3300000,1519129,0,1519129
0x2675432B52486dc746066C01e7c63c9917C7Bb47,581960000000000000000000,15,2250000,959036,696,958340
0xbd97852424A15378BAeEa96Ec4f2E2179E54c476,64800000000000000000000,2,300000,145028,145028,0
0xf59486d13DBb54f67533df8eF0B0d42d20153BDE,135285000000000000000000,17,2550000,1194813,811988,382825
0xAe289c7A1EaA993e46F9261f6F9426C48f7c66C7,34800000000000000000000,1,150000,72514,72514,0
0xf4528919Cd6388a2033b1Ed42e78CCb969137EDd,8400000000000000000000,12,1800000,867931,867931,0
0x4ACb653bBdBc2eCa1cd38e3a493DDcDa78a28bbD,108600000000000000000000,3,450000,217542,217542,0
0xa18251e3dDF853c3Ae885870dc6F60C75d144e4a,15000000000000000000000,12,1800000,867931,867931,0
0xd20a2B21225552Df994049F1d3f84CC7549F9dcc,30401000000000000000000,2,300000,145028,145028,0
0x5f9746DDce7E13021D4fb82A3Bf898220eC5FCfb,4609000000000000000000,7,1050000,475887,306278,169609
0x4b655FC1166E7B3a71b8b9d24d11492f9A94665A,103200000000000000000000,4,600000,290056,290056,0
0x85Ebeda84B166568fb3092C72b42e776F57352C6,106090000000000000000000,16,2400000,1012709,395419,617290
0xa736119fFa739583413D7A29eaD61D0d5C40BB08,325000000000000000000,6,900000,431419,413094,18325
0x973CCc7D3996D3011B967cFb02a30b3716811263,66400000000000000000000,2,300000,145028,145028,0
0xD5EC39AaeDE88026861F80dc3c8D1Aac35bbDB09,126800000000000000000000,2,300000,145018,145018,0
0xD57329CFaAD9A97A5432A64512B06e0f22875565,22800000000000000000000,1,150000,72514,72514,0
0x1625F9a8462aFB2f69FE97B0FFB0972333E64d7e,116850000000000000000000,5,750000,362570,362570,0
0x940820AF273E1E3399349268d984fdC958D624CC,24600000000000000000000,1,150000,72514,72514,0
0xA8e6e84C18e022FE98b802c56a13825215D80A2C,66400000000000000000000,2,300000,145028,145028,0
0x28EdD9e90c4e3C3dbd85a8E0C3f1e584786A325d,0,1,150000,72514,56099,16415
0x93f17B948073063E6C2bac9501Cfbe310acCBCE7,22200000000000000000000,1,150000,72514,72514,0
0xa96F31B4830b9Fd43c216a2C44D75f852b54041a,72666000000000000000000,100,15000000,7251400,7251300,100
0x027994A535c32eEB0604cC2d84EA7b0C912926e1,155000000000000000000000,5,750000,362570,312570,50000
0xAC7cE9B78170d80448D7cb257084Ef5A8caE0315,0,0,0,0,0,0
0xaaBA9Af216F9A65D733158b6aAD8D954fcc17056,13828542000000000000000,7,1050000,503198,362158,141040
0x3A8ceC0eBC8A575aB030C8fd0668A980E6c2B300,57972000000000000000000,5,750000,359470,350295,9175
0x159DAb0373ae3Cd13D9F5A1ac82a4fF787F9616E,1598000000000000000000000,10,1500000,706640,706640,0
0x2e4adC9AfE572A30c3d925327D103c379C19C8A7,72000000000000000000,3,450000,208332,208332,0
0x35C1ec5223AE44E0dcDb398Bd078f38A69062321,0,0,0,0,0,0
0x47EAC8DDee82Bbd10d607Aad5bBEF6cD26CC19B2,42207000000000000000000,4,600000,240576,236496,4080
